load "gl2data.m";

G:=sub<GL(2,Integers(71))|[ [1,0,0,-1], [1,0,0,7], [-1,0,0,1], [5,0,0,1], [1,1,0,1] ]>;
GL2PointCount(G,25);

G:=sub<GL(2,Integers(78))|[ [1,0,0,-1], [1,0,0,5], [1,0,0,7], [-1,0,0,1], [5,0,0,1], [31,0,0,1], [1,1,0,1] ]>;
GL2PointCount(G,25);

G:=sub<GL(2,Integers(80))|[ [1,0,0,-1], [1,0,0,3], [1,0,0,7], [-1,0,0,1], [3,0,0,1], [49,0,0,1], [1,1,0,1] ]>;
GL2PointCount(G,9);

G:=sub<GL(2,Integers(88))|[ [1,0,0,-1], [1,0,0,3], [1,0,0,7], [-1,0,0,1], [21,0,0,1], [49,0,0,1], [1,1,0,1] ]>;
GL2PointCount(G,9);

G:=sub<GL(2,Integers(91))|[ [1,0,0,-1], [1,0,0,2], [1,0,0,3], [-1,0,0,1], [2,0,0,1], [1,1,0,1] ]>;
GL2PointCount(G,4);

G:=sub<GL(2,Integers(96))|[ [1,0,0,-1], [1,0,0,5], [1,0,0,17], [-1,0,0,1], [5,0,0,1], [1,1,0,1] ]>;
GL2PointCount(G,25);

G:=sub<GL(2,Integers(104))|[ [1,0,0,-1], [1,0,0,5], [1,0,0,3], [-1,0,0,1], [25,0,0,1], [3,0,0,1], [1,1,0,1] ]>;
GL2PointCount(G,9);

G:=sub<GL(2,Integers(104))|[ [1,0,0,-1], [1,0,0,5], [1,0,0,3], [-1,0,0,1], [5,0,0,1], [27,0,0,1], [1,1,0,1] ]>;
GL2PointCount(G,25);

G:=sub<GL(2,Integers(143))|[ [1,0,0,-1], [1,0,0,2], [-1,0,0,1], [8,0,0,1], [1,1,0,1] ]>;
GL2PointCount(G,25);
